1
4
5
8
8
10
11
12
13
13
14
14
15
15
15
15
16
16
18
19
19
20
21
22
24
24
25
26
26
29
31
31
32
32
33
33
33
33
34
34
35
36
36
37
37
40
41
41
42
42
42
42
43
43
46
46
48
49
49
50
50
52
53
53
54
55
55
58
58
59
59
60
61
61
63
63
63
64
65
65
65
66
67
69
70
70
75
76
76
77
77
78
78
78
79
80
83
84
85
86
87
87
88
89
89
90
91
95
95
97
98
99
100
100
102
102
105
105
106
107
108
109
109
112
113
114
116
117
118
118
119
122
123
125
125
126
126
126
126
127
127
128
128
128
128
129
129
131
131
132
133
134
134
134
135
135
135
136
137
137
138
139
140
141
144
145
145
152
152
152
155
155
156
158
161
161
161
162
164
164
165
167
169
169
173
173
173
174
176
177
177
179
179
184
184
185
189
196
197
197
197
198
199
201
202
203
204
204
206
206
207
210
211
213
213
213
214
215
216
217
219
219
220
222
224
224
224
224
226
229
230
230
231
232
232
234
234
234
235
235
236
238
238
238
239
240
241
241
243
243
245
245
245
247
248
248
249
251
253
253
254
254
256
259
260
261
262
263
265
266
267
267
267
268
268
276
276
277
277
283
283
284
284
288
289
289
290
292
292
293
294
294
294
295
295
296
296
297
297
298
299
301
301
301
301
303
305
305
306
307
308
310
311
312
312
312
312
314
316
317
318
319
322
322
323
323
324
324
325
328
328
329
329
329
332
332
334
336
336
337
337
338
339
340
343
343
343
343
344
344
344
345
346
347
349
349
352
352
352
354
355
356
357
359
360
361
362
363
365
366
366
367
368
368
368
368
369
369
369
373
374
380
384
385
386
387
388
390
390
391
393
394
395
397
397
400
400
404
404
404
405
406
406
408
408
409
410
410
410
412
412
414
416
419
419
421
421
421
422
423
424
425
425
426
428
429
429
431
433
433
434
434
435
436
436
438
440
440
442
442
443
446
446
447
449
449
451
452
452
453
453
453
455
456
458
458
459
459
459
459
459
460
464
466
467
467
467
469
470
472
473
475
475
476
479
480
483
483
483
483
483
484
485
485
487
488
488
490
491
492
493
494
497
498
499
499
500
502
502
504
504
505
506
506
507
507
507
507
509
509
509
510
510
511
512
512
513
513
514
514
515
516
516
517
518
519
521
522
522
522
523
525
526
526
526
527
529
531
532
533
534
535
535
536
537
539
541
542
543
545
545
546
548
549
549
550
551
551
552
553
557
557
558
559
560
560
563
563
563
564
565
566
568
571
571
571
573
573
574
576
578
581
581
582
583
584
584
585
586
590
590
590
591
592
593
595
595
596
596
596
596
597
600
601
602
602
602
602
602
603
603
604
606
606
608
610
611
614
614
614
615
615
615
615
615
619
621
622
625
626
627
628
628
629
630
630
630
631
633
633
634
634
634
635
635
636
637
640
640
640
640
640
640
640
640
640
640
640
640
640
640
640
640
640
640
640
640
640
641
642
642
642
643
644
646
646
648
649
649
650
650
650
652
654
655
656
656
657
659
659
659
661
662
669
669
670
670
672
673
676
677
677
677
679
680
680
680
680
680
680
680
680
680
680
680
680
680
680
680
680
680
680
680
680
680
680
680
680
680
680
680
680
680
680
680
680
680
680
680
680
680
680
680
680
680
680
680
680
680
680
680
680
680
680
680
680
680
680
680
680
680
680
680
680
680
680
680
680
680
680
680
680
680
680
680
680
680
680
680
680
680
680
680
680
680
680
680
680
680
680
680
680
680
680
680
680
680
680
680
680
680
680
680
680
680
680
680
680
680
680
680
680
680
680
680
680
680
680
680
680
680
680
680
680
680
680
680
680
680
680
680
680
680
680
680
680
680
680
680
680
680
680
680
680
680
680
680
680
680
680
680
680
680
680
680
680
680
680
680
680
680
680
680
680
680
680
680
680
680
680
680
680
680
680
680
680
680
680
680
680
680
680
680
680
680
680
680
680
680
680
680
680
680
680
680
680
680
680
680
680
680
680
680
680
680
680
680
680
680
680
680
680
680
680
680
680
680
680
680
680
680
680
680
680
680
680
680
680
680
680
680
680
680
680
680
680
680
680
680
680
680
680
680
680
680
680
680
680
680
680
680
680
680
680
680
680
680
680
680
680
680
680
680
680
680
680
680
680
680
680
680
680
680
680
680
680
680
680
680
680
680
680
680
680
680
680
680
680
680
680
680
680
680
680
680
680
680
680
680
680
680
680
680
680
680
680
680
680
680
680
680
680
680
680
680
680
680
680
680
680
680
680
680
680
680
680
680
680
680
680
680
680
680
680
680
680
680
680
680
680
680
680
680
680
680
680
680
680
680
680
680
680
680
680
680
680
680
680
680
680
680
680
680
680
680
680
680
680
680
680
680
680
680
680
680
680
680
680
680
680
680
680
680
680
680
680
680
680
680
680
680
680
680
680
680
680
680
680
680
680
680
680
680
680
680
680
680
680
680
680
680
680
680
680
680
680
680
680
680
680
680
680
680
680
680
680
680
680
680
680
680
680
680
680
680
680
680
680
680
680
680
680
680
680
680
680
680
680
680
680
680
680
680
680
680
680
680
680
680
680
680
680
680
680
680
680
680
680
680
680
680
680
680
680
680
680
680
680
680
680
680
680
680
680
680
680
680
680
680
680
680
680
680
680
680
680
680
680
680
680
680
680
680
680
680
680
680
680
680
680
680
680
680
680
680
680
680
680
680
680
680
680
680
680
680
680
680
680
680
680
680
680
680
680
680
680
680
680
680
680
680
680
680
680
680
680
680
680
680
680
680
680
680
680
680
680
680
680
680
680
680
680
680
680
680
680
680
680
684
684
685
685
685
686
687
689
693
693
694
696
